function [ZZ] = fTH (XX,YY)

% FTL Cap F T

x = XX;
y =YY;

p00 =       304.2;
p10 =   -0.001272;
p01 =       667.7;
p20 =       -1287;
p11 =    0.001423;
p02 =        2235;
p30 =    0.006105;
p21 =        2299;
p12 =    -0.02007;
p03 =       24.57;
p40 =      -552.6;
p31 =    -0.02048;
p22 =       -1154;
p13 =      0.0453;
p04 =       -3915;
p50 =   -0.001078;
p41 =        1473;
p32 =     0.03133;
p23 =       -3594;
p14 =     -0.0562;
p05 =        8116;

f_TH = p00 + p10*x + p01*y + p20*x^2 + p11*x*y + p02*y^2 + p30*x^3 ...
    + p21*x^2*y + p12*x*y^2 + p03*y^3 + p40*x^4 + p31*x^3*y ...
    + p22*x^2*y^2 + p13*x*y^3 + p04*y^4 + p50*x^5 + p41*x^4*y ...
    + p32*x^3*y^2 + p23*x^2*y^3 + p14*x*y^4 + p05*y^5;
     

ZZ = f_TH;
end