function [ZZ] = fTL(XX,YY)

% FTL Cap E T

x = XX;
y =YY;

p00 =       41.37;
p10 =  -1.239e-05;
p01 =       377.9;
p20 =      -363.8;
p11 =  -0.0009656;
p02 =      -523.3;
p30 =    0.001016;
p21 =       979.4;
p12 =    0.001544;
p03 =        2226;
p40 =      -192.9;
p31 =   -0.003509;
p22 =       -1031;
p13 =  -6.665e-05;
p04 =       -3370;
p50 =  -7.223e-05;
p41 =       426.3;
p32 =    0.004333;
p23 =      -433.4;
p14 =   -0.003578;
p05 =        2958;

f_TL = p00 + p10*x + p01*y + p20*x^2 + p11*x*y + p02*y^2 + p30*x^3 ...
    + p21*x^2*y + p12*x*y^2 + p03*y^3 + p40*x^4 + p31*x^3*y ...
    + p22*x^2*y^2 + p13*x*y^3 + p04*y^4 + p50*x^5 + p41*x^4*y ...
    + p32*x^3*y^2 + p23*x^2*y^3 + p14*x*y^4 + p05*y^5;

ZZ = f_TL;
end

