function [ZZ] = fVH (XX,YY)

% FTL Cap F T

x = XX;
y =YY;

p00 =  -0.0004522;
p10 =       679.9;
p01 =    0.005814;
p20 =   0.0001352;
p11 =       -1862;
p02 =    -0.02985;
p30 =      -8.676;
p21 =   -0.001128;
p12 =        4275;
p03 =     0.07655;
p40 =  -3.557e-05;
p31 =        -327;
p22 =    0.003072;
p13 =       -4372;
p04 =    -0.09799;
p50 =       40.85;
p41 =   8.459e-05;
p32 =       37.45;
p23 =   -0.002744;
p14 =        2469;
p05 =      0.0501;

f_VH = p00 + p10*x + p01*y + p20*x^2 + p11*x*y + p02*y^2 + p30*x^3 ...
    + p21*x^2*y + p12*x*y^2 + p03*y^3 + p40*x^4 + p31*x^3*y ...
    + p22*x^2*y^2 + p13*x*y^3 + p04*y^4 + p50*x^5 + p41*x^4*y ...
    + p32*x^3*y^2 + p23*x^2*y^3 + p14*x*y^4 + p05*y^5;
     
     

ZZ = f_VH;
end

