function [ZZ] = fVL(XX,YY)

% FTL Cap E V

x = XX;
y =YY;

p00 =  -7.486e-05;
p10 =       341.6;
p01 =    0.001005;
p20 =  -3.248e-05;
p11 =       -1036;
p02 =   -0.005327;
p30 =      0.2088;
p21 =   3.727e-05;
p12 =        2394;
p03 =     0.01397;
p40 =   -1.48e-05;
p31 =      -153.1;
p22 =   0.0003131;
p13 =       -2422;
p04 =    -0.01814;
p50 =       17.38;
p41 =   2.842e-05;
p32 =      0.7442;
p23 =  -0.0005067;
p14 =        1272;
p05 =    0.009333;

f_VL = p00 + p10*x + p01*y + p20*x^2 + p11*x*y + p02*y^2 + p30*x^3 ...
    + p21*x^2*y + p12*x*y^2 + p03*y^3 + p40*x^4 + p31*x^3*y ...
    + p22*x^2*y^2 + p13*x*y^3 + p04*y^4 + p50*x^5 + p41*x^4*y ...
    + p32*x^3*y^2 + p23*x^2*y^3 + p14*x*y^4 + p05*y^5;

ZZ = f_VL;
end
